#time	acf
0	0.00340395
0.02	0.0634339
0.04	0.068572
0.06	0.06866
0.08	0.0684772
0.1	0.0680861
0.12	0.0679616
0.14	0.0680788
0.16	0.0674543
0.18	0.0672424
0.2	0.0672262
0.22	0.0668267
0.24	0.0665481
0.26	0.0661819
0.28	0.0660908
0.3	0.0660622
0.32	0.0655501
0.34	0.0652548
0.36	0.0654762
0.38	0.0649433
0.4	0.0646397
0.42	0.0644068
0.44	0.0644074
0.46	0.0639412
0.48	0.0636375
0.5	0.0632671
0.52	0.0629801
0.54	0.0628431
0.56	0.0626436
0.58	0.0624733
0.6	0.0622821
0.62	0.0620534
0.64	0.0616664
0.66	0.0615294
0.68	0.061034
0.7	0.0608303
0.72	0.0605933
0.74	0.0603771
0.76	0.0602525
0.78	0.0599572
0.8	0.0594909
0.82	0.0592581
0.84	0.0591002
0.86	0.0588215
0.88	0.0587553
0.9	0.0584849
0.92	0.058302
0.94	0.0580566
0.96	0.0570819
0.98	0.0567199
1	0.0564536
1.02	0.0562291
1.04	0.056067
1.06	0.0557591
1.08	0.0557263
1.1	0.055385
1.12	0.0551604
1.14	0.05484
1.16	0.0547363
1.18	0.0547868
1.2	0.0543288
1.22	0.0538083
1.24	0.0535087
1.26	0.0535342
1.28	0.0534305
1.3	0.0526724
1.32	0.0525979
1.34	0.0519357
1.36	0.0520153
1.38	0.0518824
1.4	0.0517787
1.42	0.0517125
1.44	0.0516296
1.46	0.0511049
1.48	0.0508761
1.5	0.0510642
1.52	0.0506395
1.54	0.0506108
1.56	0.0502695
1.58	0.0502074
1.6	0.0497577
1.62	0.0497748
1.64	0.0496669
1.66	0.049409
1.68	0.0494428
1.7	0.0495183
1.72	0.0495479
1.74	0.0494317
1.76	0.0492987
1.78	0.0492325
1.8	0.0490954
1.82	0.0489583
1.84	0.0487962
1.86	0.0486966
1.88	0.0484928
1.9	0.048585
1.92	0.048006
1.94	0.0483066
1.96	0.0481237
1.98	0.0481075
2	0.0477119
