#time	acf
0	-0.00340395
0.02	-0.0637707
0.04	-0.068829
0.06	-0.0688372
0.08	-0.0685745
0.1	-0.0681036
0.12	-0.0678993
0.14	-0.0679366
0.16	-0.0672323
0.18	-0.0669405
0.2	-0.0668445
0.22	-0.0663652
0.24	-0.0660067
0.26	-0.0655607
0.28	-0.0653897
0.3	-0.0652813
0.32	-0.0646894
0.34	-0.0643142
0.36	-0.0644558
0.38	-0.0638431
0.4	-0.0634596
0.42	-0.0631469
0.44	-0.0630676
0.46	-0.0625215
0.48	-0.062138
0.5	-0.0616878
0.52	-0.0613209
0.54	-0.0611041
0.56	-0.0608247
0.58	-0.0605745
0.6	-0.0603035
0.62	-0.059995
0.64	-0.0595281
0.66	-0.0593112
0.68	-0.058736
0.7	-0.0584524
0.72	-0.0581355
0.74	-0.0578395
0.76	-0.0576351
0.78	-0.0572599
0.8	-0.0567138
0.82	-0.056401
0.84	-0.0561633
0.86	-0.0558047
0.88	-0.0556587
0.9	-0.0553084
0.92	-0.0550457
0.94	-0.0547205
0.96	-0.0540827
0.98	-0.0536407
1	-0.0532946
1.02	-0.0529902
1.04	-0.0527483
1.06	-0.0523605
1.08	-0.0522478
1.1	-0.0518266
1.12	-0.0515222
1.14	-0.0511219
1.16	-0.0509383
1.18	-0.050909
1.2	-0.0503711
1.22	-0.0497708
1.24	-0.0493913
1.26	-0.0493369
1.28	-0.0491533
1.3	-0.0483154
1.32	-0.048161
1.34	-0.0474189
1.36	-0.0474186
1.38	-0.0472059
1.4	-0.0470223
1.42	-0.0468762
1.44	-0.0467134
1.46	-0.0461088
1.48	-0.0458002
1.5	-0.0459083
1.52	-0.0454038
1.54	-0.0452952
1.56	-0.044874
1.58	-0.044732
1.6	-0.0442025
1.62	-0.0441397
1.64	-0.0439519
1.66	-0.0436141
1.68	-0.043568
1.7	-0.0435636
1.72	-0.0435134
1.74	-0.0433172
1.76	-0.0431044
1.78	-0.0429583
1.8	-0.0427413
1.82	-0.0425243
1.84	-0.0422823
1.86	-0.0421028
1.88	-0.0418192
1.9	-0.0418314
1.92	-0.0411726
1.94	-0.0413933
1.96	-0.0411304
1.98	-0.0410343
2	-0.0405589
