#time	acf
0	0.190098
0.02	0.124061
0.04	0.114283
0.06	0.109804
0.08	0.105875
0.1	0.102205
0.12	0.0983139
0.14	0.0942602
0.16	0.0911273
0.18	0.087911
0.2	0.0845572
0.22	0.0816367
0.24	0.0788162
0.26	0.0761249
0.28	0.0732502
0.3	0.0705046
0.32	0.0684299
0.34	0.0661052
0.36	0.0634762
0.38	0.0614681
0.4	0.0595517
0.42	0.0575644
0.44	0.0553938
0.46	0.0537732
0.48	0.0520775
0.5	0.0504236
0.52	0.0488529
0.54	0.0471698
0.56	0.0455116
0.58	0.0438909
0.6	0.0424369
0.62	0.0410703
0.64	0.039908
0.66	0.0384831
0.68	0.0375833
0.7	0.0363876
0.72	0.0352002
0.74	0.0341629
0.76	0.0328713
0.78	0.0319131
0.8	0.0310507
0.82	0.0301133
0.84	0.0291343
0.86	0.0282719
0.88	0.0272053
0.9	0.0264012
0.92	0.0256138
0.94	0.0248431
0.96	0.0244391
0.98	0.0238184
1	0.0232019
1.02	0.0227145
1.04	0.0220646
1.06	0.0215064
1.08	0.0208023
1.1	0.02044
1.12	0.0198776
1.14	0.0195027
1.16	0.0189903
1.18	0.0182737
1.2	0.0180989
1.22	0.0179699
1.24	0.01752
1.26	0.0168201
1.28	0.016291
1.3	0.0163954
1.32	0.0158663
1.34	0.0157832
1.36	0.0151124
1.38	0.01475
1.4	0.0143876
1.42	0.0138251
1.44	0.0134669
1.46	0.013563
1.48	0.0134131
1.5	0.0126548
1.52	0.0126508
1.54	0.0121884
1.56	0.0121094
1.58	0.0118512
1.6	0.0120222
1.62	0.0116098
1.64	0.01146
1.66	0.0114435
1.68	0.0111519
1.7	0.0108729
1.72	0.0105813
1.74	0.0104606
1.76	0.0103858
1.78	0.0101901
1.8	0.0101277
1.82	0.00996119
1.84	0.00993221
1.86	0.00996992
1.88	0.0100785
1.9	0.0098786
1.92	0.010304
1.94	0.00987065
1.96	0.00992921
1.98	0.00986687
2	0.0101338
