#time	acf
0	-0.00340395
0.02	-0.0636166
0.04	-0.0687206
0.06	-0.0687747
0.08	-0.0684079
0.1	-0.0679994
0.12	-0.0677993
0.14	-0.0678408
0.16	-0.0671698
0.18	-0.0667572
0.2	-0.066532
0.22	-0.0660985
0.24	-0.0657817
0.26	-0.0652815
0.28	-0.0651731
0.3	-0.0650312
0.32	-0.0643186
0.34	-0.0639309
0.36	-0.0639349
0.38	-0.0635222
0.4	-0.062997
0.42	-0.0625968
0.44	-0.062555
0.46	-0.0619298
0.48	-0.0615213
0.5	-0.0611169
0.52	-0.0606959
0.54	-0.0604165
0.56	-0.0601038
0.58	-0.0599244
0.6	-0.0597034
0.62	-0.059249
0.64	-0.0588321
0.66	-0.0587236
0.68	-0.0580609
0.7	-0.0577106
0.72	-0.0573562
0.74	-0.0568143
0.76	-0.0566058
0.78	-0.0561597
0.8	-0.0556886
0.82	-0.0553842
0.84	-0.0552465
0.86	-0.0549004
0.88	-0.0548502
0.9	-0.0545041
0.92	-0.0540705
0.94	-0.0536994
0.96	-0.0529491
0.98	-0.0524988
1	-0.0522152
1.02	-0.0517899
1.04	-0.0514897
1.06	-0.0512102
1.08	-0.0510017
1.1	-0.0505347
1.12	-0.0502219
1.14	-0.0497341
1.16	-0.0494838
1.18	-0.0494086
1.2	-0.0487749
1.22	-0.0481912
1.24	-0.0480034
1.26	-0.0479032
1.28	-0.0478863
1.3	-0.0470984
1.32	-0.0468564
1.34	-0.046281
1.36	-0.0462975
1.38	-0.0460347
1.4	-0.045726
1.42	-0.0456883
1.44	-0.0454422
1.46	-0.0446876
1.48	-0.0443789
1.5	-0.0445496
1.52	-0.0441575
1.54	-0.0440948
1.56	-0.0437528
1.58	-0.0436734
1.6	-0.0431396
1.62	-0.0430602
1.64	-0.0427265
1.66	-0.0423511
1.68	-0.0421717
1.7	-0.0420256
1.72	-0.0418961
1.74	-0.0415874
1.76	-0.0413454
1.78	-0.0412493
1.8	-0.0409698
1.82	-0.0408778
1.84	-0.0406692
1.86	-0.0403313
1.88	-0.0399101
1.9	-0.0399432
1.92	-0.0392885
1.94	-0.0394925
1.96	-0.0391421
1.98	-0.0389209
2	-0.0384205
