#time	acf
0	0.476513
0.02	0.414345
0.04	0.40656
0.06	0.403755
0.08	0.401283
0.1	0.398956
0.12	0.396501
0.14	0.393782
0.16	0.391777
0.18	0.389396
0.2	0.386915
0.22	0.384793
0.24	0.382487
0.26	0.38039
0.28	0.377926
0.3	0.375462
0.32	0.373481
0.34	0.371321
0.36	0.368648
0.38	0.366667
0.4	0.364545
0.42	0.362393
0.44	0.359925
0.46	0.358073
0.48	0.355992
0.5	0.353953
0.52	0.351872
0.54	0.349707
0.56	0.347701
0.58	0.345595
0.6	0.343456
0.62	0.341558
0.64	0.339611
0.66	0.337392
0.68	0.335653
0.7	0.333655
0.72	0.331703
0.74	0.329792
0.76	0.327774
0.78	0.325884
0.8	0.324178
0.82	0.32218
0.84	0.320103
0.86	0.318239
0.88	0.31612
0.9	0.314268
0.92	0.312424
0.94	0.310634
0.96	0.309232
0.98	0.307572
1	0.305695
1.02	0.303838
1.04	0.30199
1.06	0.300238
1.08	0.298311
1.1	0.296621
1.12	0.294915
1.14	0.293338
1.16	0.29146
1.18	0.289479
1.2	0.28806
1.22	0.28662
1.24	0.28491
1.26	0.283082
1.28	0.28118
1.3	0.280119
1.32	0.278505
1.34	0.277398
1.36	0.275567
1.38	0.273927
1.4	0.272291
1.42	0.270559
1.44	0.268878
1.46	0.267709
1.48	0.266123
1.5	0.264229
1.52	0.262818
1.54	0.261161
1.56	0.259763
1.58	0.258077
1.6	0.256812
1.62	0.255256
1.64	0.253853
1.66	0.252484
1.68	0.25094
1.7	0.249387
1.72	0.247914
1.74	0.246566
1.76	0.245163
1.78	0.24369
1.8	0.242358
1.82	0.240964
1.84	0.239603
1.86	0.2383
1.88	0.237131
1.9	0.235533
1.92	0.234688
1.94	0.232969
1.96	0.231754
1.98	0.23038
2	0.22932
