#time	acf
0	-0.476513
0.02	-0.414963
0.04	-0.407379
0.06	-0.404775
0.08	-0.402504
0.1	-0.400378
0.12	-0.398124
0.14	-0.395607
0.16	-0.393802
0.18	-0.391622
0.2	-0.389343
0.22	-0.387422
0.24	-0.385317
0.26	-0.383421
0.28	-0.381158
0.3	-0.378894
0.32	-0.377115
0.34	-0.375156
0.36	-0.372684
0.38	-0.370905
0.4	-0.368983
0.42	-0.367033
0.44	-0.364765
0.46	-0.363115
0.48	-0.361235
0.5	-0.359397
0.52	-0.357517
0.54	-0.355554
0.56	-0.353749
0.58	-0.351844
0.6	-0.349905
0.62	-0.348209
0.64	-0.346462
0.66	-0.344445
0.68	-0.342907
0.7	-0.34111
0.72	-0.339359
0.74	-0.33765
0.76	-0.335832
0.78	-0.334144
0.8	-0.332639
0.82	-0.330842
0.84	-0.328966
0.86	-0.327303
0.88	-0.325385
0.9	-0.323734
0.92	-0.322092
0.94	-0.320503
0.96	-0.319719
0.98	-0.31826
1	-0.316584
1.02	-0.314929
1.04	-0.313282
1.06	-0.311731
1.08	-0.310005
1.1	-0.308516
1.12	-0.307011
1.14	-0.305635
1.16	-0.303959
1.18	-0.302178
1.2	-0.300961
1.22	-0.299722
1.24	-0.298213
1.26	-0.296586
1.28	-0.294885
1.3	-0.294026
1.32	-0.292612
1.34	-0.291707
1.36	-0.290077
1.38	-0.288638
1.4	-0.287203
1.42	-0.285673
1.44	-0.284193
1.46	-0.283225
1.48	-0.28184
1.5	-0.280147
1.52	-0.278938
1.54	-0.277482
1.56	-0.276285
1.58	-0.2748
1.6	-0.273737
1.62	-0.272381
1.64	-0.27118
1.66	-0.270012
1.68	-0.268669
1.7	-0.267318
1.72	-0.266046
1.74	-0.264898
1.76	-0.263697
1.78	-0.262425
1.8	-0.261294
1.82	-0.260101
1.84	-0.258942
1.86	-0.25784
1.88	-0.256872
1.9	-0.255475
1.92	-0.254832
1.94	-0.253314
1.96	-0.2523
1.98	-0.251128
2	-0.250268
