#time	acf
0	0.476513
0.02	0.415164
0.04	0.407781
0.06	0.405378
0.08	0.403308
0.1	0.401384
0.12	0.39933
0.14	0.397014
0.16	0.395411
0.18	0.393432
0.2	0.391354
0.22	0.389633
0.24	0.38773
0.26	0.386035
0.28	0.383973
0.3	0.381911
0.32	0.380332
0.34	0.378574
0.36	0.376304
0.38	0.374725
0.4	0.373005
0.42	0.371255
0.44	0.369189
0.46	0.36774
0.48	0.366061
0.5	0.364424
0.52	0.362745
0.54	0.360983
0.56	0.359379
0.58	0.357675
0.6	0.355938
0.62	0.354443
0.64	0.352897
0.66	0.351081
0.68	0.349744
0.7	0.348148
0.72	0.346599
0.74	0.345091
0.76	0.343474
0.78	0.341987
0.8	0.340683
0.82	0.339087
0.84	0.337413
0.86	0.33595
0.88	0.334234
0.9	0.332784
0.92	0.331343
0.94	0.329955
0.96	0.329372
0.98	0.328114
1	0.326639
1.02	0.325185
1.04	0.323739
1.06	0.32239
1.08	0.320865
1.1	0.319577
1.12	0.318273
1.14	0.317098
1.16	0.315623
1.18	0.314044
1.2	0.313028
1.22	0.31199
1.24	0.310682
1.26	0.309257
1.28	0.307757
1.3	0.307099
1.32	0.305886
1.34	0.305182
1.36	0.303753
1.38	0.302516
1.4	0.301282
1.42	0.299953
1.44	0.298674
1.46	0.297907
1.48	0.296724
1.5	0.295232
1.52	0.294224
1.54	0.292969
1.56	0.291974
1.58	0.29069
1.6	0.289828
1.62	0.288673
1.64	0.287673
1.66	0.286707
1.68	0.285565
1.7	0.284415
1.72	0.283344
1.74	0.282398
1.76	0.281398
1.78	0.280327
1.8	0.279397
1.82	0.278406
1.84	0.277447
1.86	0.276547
1.88	0.27578
1.9	0.274584
1.92	0.274143
1.94	0.272826
1.96	0.272013
1.98	0.271042
2	0.270384
