#time	acf
0	0.00340395
0.02	0.0636964
0.04	0.0688803
0.06	0.0690142
0.08	0.0687272
0.1	0.0683986
0.12	0.0682783
0.14	0.0683997
0.16	0.0678085
0.18	0.0674757
0.2	0.0673304
0.22	0.0669767
0.24	0.0667398
0.26	0.0663194
0.28	0.0662908
0.3	0.0662288
0.32	0.065596
0.34	0.0652882
0.36	0.065372
0.38	0.0650392
0.4	0.0645938
0.42	0.0642735
0.44	0.0643115
0.46	0.0637662
0.48	0.0634375
0.5	0.063113
0.52	0.0627718
0.54	0.0625723
0.56	0.0623394
0.58	0.0622399
0.6	0.0620987
0.62	0.0617242
0.64	0.0613872
0.66	0.0613585
0.68	0.0607756
0.7	0.0605052
0.72	0.0602307
0.74	0.0597686
0.76	0.0596399
0.78	0.0592737
0.8	0.0588825
0.82	0.0586579
0.84	0.0586001
0.86	0.0583339
0.88	0.0583636
0.9	0.0580973
0.92	0.0577436
0.94	0.0574524
0.96	0.0567819
0.98	0.0564115
1	0.0562077
1.02	0.0558623
1.04	0.0556419
1.06	0.0554424
1.08	0.0553137
1.1	0.0549266
1.12	0.0546936
1.14	0.0542857
1.16	0.0541153
1.18	0.0541199
1.2	0.0535661
1.22	0.0530623
1.24	0.0529544
1.26	0.0529341
1.28	0.052997
1.3	0.052289
1.32	0.0521269
1.34	0.0516314
1.36	0.0517277
1.38	0.0515448
1.4	0.0513161
1.42	0.0513582
1.44	0.051192
1.46	0.0505172
1.48	0.0502884
1.5	0.050539
1.52	0.0502268
1.54	0.050244
1.56	0.0499819
1.58	0.0499823
1.6	0.0495285
1.62	0.0495289
1.64	0.0492751
1.66	0.0489797
1.68	0.0488801
1.7	0.0488138
1.72	0.0487643
1.74	0.0485355
1.76	0.0483734
1.78	0.0483572
1.8	0.0481575
1.82	0.0481455
1.84	0.0480167
1.86	0.0477588
1.88	0.0474174
1.9	0.0475304
1.92	0.0469556
1.94	0.0472395
1.96	0.046969
1.98	0.0468278
2	0.0464072
