#time	acf
0	-0.476513
0.02	-0.414546
0.04	-0.406963
0.06	-0.404358
0.08	-0.402087
0.1	-0.399962
0.12	-0.397707
0.14	-0.39519
0.16	-0.393385
0.18	-0.391206
0.2	-0.388926
0.22	-0.387005
0.24	-0.3849
0.26	-0.383004
0.28	-0.380741
0.3	-0.378478
0.32	-0.376698
0.34	-0.374739
0.36	-0.372268
0.38	-0.370488
0.4	-0.368567
0.42	-0.366616
0.44	-0.364349
0.46	-0.362698
0.48	-0.360818
0.5	-0.35898
0.52	-0.3571
0.54	-0.355137
0.56	-0.353332
0.58	-0.351427
0.6	-0.349489
0.62	-0.347792
0.64	-0.346046
0.66	-0.344028
0.68	-0.34249
0.7	-0.340693
0.72	-0.338942
0.74	-0.337233
0.76	-0.335416
0.78	-0.333727
0.8	-0.332222
0.82	-0.330425
0.84	-0.32855
0.86	-0.326886
0.88	-0.324968
0.9	-0.323317
0.92	-0.321675
0.94	-0.320086
0.96	-0.318886
0.98	-0.317426
1	-0.31575
1.02	-0.314095
1.04	-0.312448
1.06	-0.310897
1.08	-0.309171
1.1	-0.307682
1.12	-0.306177
1.14	-0.304801
1.16	-0.303125
1.18	-0.301345
1.2	-0.300127
1.22	-0.298888
1.24	-0.297379
1.26	-0.295753
1.28	-0.294052
1.3	-0.293192
1.32	-0.291779
1.34	-0.290873
1.36	-0.289243
1.38	-0.287804
1.4	-0.28637
1.42	-0.284839
1.44	-0.283359
1.46	-0.282391
1.48	-0.281007
1.5	-0.279314
1.52	-0.278104
1.54	-0.276649
1.56	-0.275452
1.58	-0.273967
1.6	-0.272903
1.62	-0.271548
1.64	-0.270346
1.66	-0.269179
1.68	-0.267835
1.7	-0.266484
1.72	-0.265212
1.74	-0.264065
1.76	-0.262864
1.78	-0.261591
1.8	-0.260461
1.82	-0.259268
1.84	-0.258108
1.86	-0.257007
1.88	-0.256039
1.9	-0.254642
1.92	-0.253999
1.94	-0.25248
1.96	-0.251467
1.98	-0.250294
2	-0.249435
