#time 0
0 0.673419
0.02 0.666355
0.04 0.659516
0.06 0.652856
0.08 0.646387
0.1 0.640074
0.12 0.633884
0.14 0.627753
0.16 0.621801
0.18 0.616061
0.2 0.610468
0.22 0.605073
0.24 0.599834
0.26 0.594661
0.28 0.589605
0.3 0.584707
0.32 0.579908
0.34 0.575222
0.36 0.570628
0.38 0.566176
0.4 0.56179
0.42 0.5575
0.44 0.553302
0.46 0.549221
0.48 0.545214
0.5 0.541228
0.52 0.53735
0.54 0.533568
0.56 0.529874
0.58 0.526279
0.6 0.522756
0.62 0.519291
0.64 0.515859
0.66 0.512452
0.68 0.509137
0.7 0.505871
0.72 0.502623
0.74 0.4994
0.76 0.496238
0.78 0.493131
0.8 0.490107
0.82 0.487116
0.84 0.484248
0.86 0.481377
0.88 0.478558
0.9 0.475767
0.92 0.473002
0.94 0.470307
0.96 0.467675
0.98 0.465064
1 0.462502
1.02 0.459991
1.04 0.457512
1.06 0.455098
1.08 0.452707
1.1 0.450329
1.12 0.448005
1.14 0.445726
1.16 0.443465
1.18 0.441224
1.2 0.439022
1.22 0.436831
1.24 0.434665
1.26 0.432545
1.28 0.430476
1.3 0.428456
1.32 0.426477
1.34 0.424532
1.36 0.422608
1.38 0.420693
1.4 0.418764
1.42 0.416849
1.44 0.414963
1.46 0.413092
1.48 0.411302
1.5 0.40949
1.52 0.407741
1.54 0.406012
1.56 0.404335
1.58 0.402731
1.6 0.401136
1.62 0.399587
1.64 0.398075
1.66 0.396539
1.68 0.39504
1.7 0.39362
1.72 0.392238
1.74 0.390826
1.76 0.389456
1.78 0.388107
1.8 0.386778
1.82 0.385471
1.84 0.384192
1.86 0.382972
1.88 0.381769
1.9 0.380578
1.92 0.379409
1.94 0.378243
1.96 0.377035
1.98 0.375844
2 0.374637
